git pull
git add .
git commit -m "mensaje de cambios"
git push

PS C:\Users\rojas\Desktop\Nueva carpeta\AED_AlgoritmosDeOrdenamiento> cd .\Python\ 
PS C:\Users\rojas\Desktop\Nueva carpeta\AED_AlgoritmosDeOrdenamiento\Python> & C:/Users/rojas/AppData/Local/Programs/Python/Python311/python.exe "c:/Users/rojas/Desktop/Nueva carpeta/AED_AlgoritmosDeOrdenamiento/Python/main.py"
Bubble Sort 15 times
Result:
[0.0, 0.001, 0.0, 0.0, 0.0, 0.000999, 0.0, 0.0, 0.0, 0.001001, 0.0, 0.0, 0.0, 0.000998, 0.0, ]
[0.028501, 0.027004, 0.027001, 0.026998, 0.027305, 0.027001, 0.028, 0.026655, 0.029402, 0.027002, 0.02804, 0.026469, 0.028001, 0.026999, 0.027002, ]
[0.10986, 0.1078, 0.107753, 0.108482, 0.108254, 0.108002, 0.106097, 0.108043, 0.106511, 0.104363, 0.106929, 0.10475, 0.104511, 0.106889, 0.106512, ]
[0.250874, 0.238702, 0.249924, 0.23747, 0.243655, 0.241115, 0.239957, 0.240152, 0.241983, 0.239643, 0.241613, 0.238567, 0.241588, 0.243107, 0.244224, ]
[0.43473, 0.42703, 0.431, 0.430891, 0.447258, 0.505489, 0.512319, 0.433158, 0.426747, 0.454816, 0.456024, 0.454532, 0.42659, 0.430226, 0.426616, ]
[0.711345, 0.685898, 0.671675, 0.675519, 0.679484, 0.676536, 0.677105, 0.679102, 0.674598, 0.679852, 0.678001, 0.684966, 0.680646, 0.67743, 0.675128, ]
[0.982343, 0.9748, 0.973531, 0.971976, 0.969568, 0.968629, 0.974953, 0.977521, 0.979257, 0.971778, 0.964653, 0.971387, 0.975906, 0.977628, 0.972587, ]
[1.409151, 1.337122, 1.386616, 1.329777, 1.331508, 1.33665, 1.337997, 1.338295, 1.329788, 1.340556, 1.333534, 1.324432, 1.328267, 1.339958, 1.328295, ]
[1.786954, 1.743859, 1.746854, 1.857977, 1.762112, 1.756386, 1.995241, 1.828256, 1.829679, 1.809376, 1.782039, 1.753087, 1.784097, 1.76502, 1.821294, ]
[2.239408, 2.211971, 2.253825, 2.192995, 2.22019, 2.210246, 2.327003, 2.312929, 2.373203, 2.22009, 2.198824, 2.234973, 2.264103, 2.259086, 2.262394, ]
[2.860862, 2.793393, 2.761921, 2.749708, 2.780169, 2.790254, 2.986841, 2.923861, 2.777611, 2.770318, 2.743005, 2.779446, 2.746651, 2.75488, 2.759396, ]
[11.151571, 11.255369, 11.359078, 11.116282, 11.152258, 11.152386, 11.094728, 11.14208, 11.095041, 11.085969, 11.091932, 11.137451, 11.161218, 11.046943, 10.983263, ]
[25.794113, 25.141301, 24.968234, 25.053237, 25.259802, 25.099459, 25.295569, 24.964855, 25.660858, 28.167262, 25.723014, 24.998497, 24.975004, 25.05927, 24.940922, ]
[45.063462, 47.090209, 46.030334, 44.91867, 64.140987, 47.833296, 47.30943, 46.694881, 45.647321, 45.659839, 46.809309, 45.744487, 45.422103, 47.867644, 46.934476, ]
[73.422402, 73.927516, 73.523468, 73.447309, 82.174773, 85.398129, 83.099305, 83.703569, 83.668185, 82.096234, 81.716195, 77.216661, 70.794909, 71.117438, 70.793028, ]

Tree Sort 15 times
[ 0.0 0.0 0.0 0.001002 0.0 0.0 0.0 0.0 0.0 0.0 0.0 0.0 0.0 0.0 0.0 ]
[ 0.000998 0.002 0.000999 0.001003 0.000997 0.001001 0.000999 0.000999 0.000999 0.001 0.001 0.001 0.001 0.001 0.002005 ]
[ 0.002001 0.002997 0.002001 0.001999 0.002 0.003002 0.002999 0.001999 0.002 0.002 0.003 0.002 0.002001 0.002999 0.002 ]
[ 0.002999 0.004 0.004001 0.002999 0.003 0.004 0.003003 0.003998 0.003999 0.003 0.003 0.004002 0.004 0.002999 0.004002 ]
[ 0.006002 0.005608 0.007164 0.006002 0.003997 0.005 0.005002 0.004999 0.005001 0.005001 0.005042 0.003955 0.005 0.005002 0.004998 ]
[ 0.005999 0.006001 0.006001 0.006 0.007 0.004998 0.007002 0.005998 0.006 0.006 0.006 0.006 0.006001 0.005999 0.006001 ]
[ 0.008 0.007003 0.007997 0.007006 0.006995 0.008 0.007679 0.006996 0.007003 0.007997 0.007 0.007 0.008001 0.007999 0.007001 ]
[ 0.009999 0.010001 0.009003 0.009 0.008037 0.008959 0.009 0.009001 0.009038 0.007961 0.009001 0.009999 0.008 0.009 0.009 ]
[ 0.011003 0.01 0.012417 0.009043 0.010956 0.010007 0.009993 0.011 0.011004 0.011 0.009996 0.010044 0.009956 0.01 0.01 ]
[ 0.012999 0.011999 0.011001 0.012001 0.012001 0.012722 0.011 0.012 0.011002 0.012038 0.01096 0.012 0.011 0.012 0.012 ]
[ 0.013998 0.015042 0.012959 0.013999 0.014 0.014001 0.012999 0.013 0.014 0.013 0.014 0.012999 0.014 0.013 0.015001 ]
[ 0.031594 0.03 0.031 0.03 0.032003 0.029997 0.030039 0.031007 0.02944 0.030041 0.030344 0.02904 0.03096 0.031 0.029 ]
[ 0.051 0.049 0.047002 0.048377 0.047999 0.049005 0.046141 0.049691 0.047211 0.047004 0.053415 0.046999 0.046331 0.05 0.048393 ]
[ 0.067001 0.067997 0.065 0.069004 0.065996 0.066 0.066001 0.066643 0.067381 0.067 0.068 0.068 0.06663 0.065003 0.064997 ]
[ 0.093056 0.085424 0.089958 0.084999 0.087004 0.086402 0.086999 0.087997 0.092936 0.089001 0.087418 0.09047 0.086146 0.088032 0.086002 ]


Merge Sort 15 times
[ 0.0 0.0 0.0 0.0 0.0 0.0 0.0 0.0 0.001007 0.0 0.0 0.0 0.0 0.0 0.0 ]
[ 0.000999 0.001998 0.001 0.000999 0.001 0.001001 0.001007 0.001995 0.001 0.001 0.000998 0.001002 0.000999 0.001 0.001 ]
[ 0.001999 0.003002 0.003288 0.002045 0.001959 0.003002 0.001998 0.002 0.003003 0.002999 0.001998 0.002001 0.002 0.001999 0.002 ]
[ 0.003998 0.002999 0.004001 0.003999 0.003001 0.003999 0.004 0.003 0.004003 0.002999 0.003999 0.002999 0.004001 0.003001 0.003999 ]
[ 0.004998 0.005002 0.005999 0.004999 0.004 0.006001 0.004 0.005001 0.005 0.004999 0.005 0.004 0.005001 0.004999 0.005 ]
[ 0.006005 0.006001 0.005998 0.006 0.007 0.006001 0.006 0.006 0.006999 0.006 0.006001 0.006 0.005999 0.006001 0.005999 ]
[ 0.007999 0.006998 0.009003 0.007038 0.00796 0.007 0.008 0.007361 0.008 0.007 0.008 0.007 0.008 0.007 0.008 ]
[ 0.008999 0.011003 0.008997 0.009001 0.008999 0.01 0.009 0.01 0.009 0.009 0.009 0.009001 0.008999 0.008999 0.009 ]
[ 0.010006 0.010998 0.010001 0.011 0.009999 0.01 0.010999 0.01 0.010001 0.009999 0.011 0.010002 0.009999 0.010041 0.00996 ]
[ 0.013353 0.010961 0.012003 0.011997 0.012002 0.011998 0.011999 0.011161 0.012 0.012001 0.010999 0.012 0.012 0.011 0.011999 ]
[ 0.013998 0.013184 0.015 0.014 0.013001 0.013998 0.013039 0.012961 0.013045 0.012956 0.013043 0.013956 0.013002 0.013041 0.013003 ]
[ 0.029701 0.028003 0.029001 0.027999 0.028007 0.028209 0.028 0.029002 0.028633 0.028 0.028 0.030289 0.028003 0.029004 0.027992 ]
[ 0.044999 0.044506 0.044042 0.042958 0.043299 0.043998 0.043317 0.043952 0.044 0.044002 0.044998 0.042999 0.044003 0.044 0.043 ]
[ 0.062996 0.061009 0.061002 0.060989 0.06 0.061045 0.059957 0.060998 0.062475 0.061039 0.058958 0.061 0.058999 0.061348 0.059008 ]
[ 0.078999 0.078001 0.076609 0.077 0.079563 0.076998 0.077346 0.077425 0.077185 0.076313 0.07596 0.078001 0.077364 0.077004 0.076019 ]

BubbleSort average: 11.499867573333333
BubbleSort desv_stan 21.846006947621436

TreeSort average: 0.020293871111111108
TreeSort desv_stan: 0.025798674176895405

MergeSort average: 0.01873727555555555
MergeSort desv_stan: 0.02279512208004312